38 21 80021 8288 4 287
771 1 0
771 2 0
771 3 0
771 4 0
771 5 0
771 6 0
771 7 0
771 8 0
771 9 0
771 10 0
771 11 0
771 12 0
771 13 0
771 14 0
771 15 0
771 16 0
771 17 0
771 18 0
771 19 0
771 20 0
771 21 0
772 1 0
772 2 0
772 3 0
772 4 18134
772 5 0
772 6 0
772 7 0
772 8 0
772 9 0
772 10 0
772 11 0
772 12 64174
772 13 28933
772 14 0
772 15 21303
772 16 0
772 17 0
772 18 0
772 19 0
772 20 0
772 21 50675
807 1 0
807 2 0
807 3 0
807 4 0
807 5 0
807 6 0
807 7 0
807 8 0
807 9 0
807 10 0
807 11 0
807 12 0
807 13 0
807 14 0
807 15 0
807 16 0
807 17 0
807 18 0
807 19 0
807 20 0
807 21 0
808 1 0
808 2 0
808 3 0
808 4 64694
808 5 0
808 6 0
808 7 0
808 8 0
808 9 0
808 10 0
808 11 0
808 12 319
808 13 65941
808 14 0
808 15 30707
808 16 0
808 17 0
808 18 0
808 19 0
808 20 0
808 21 37574
841 1 0
841 2 0
841 3 0
841 4 0
841 5 0
841 6 0
841 7 0
841 8 0
841 9 0
841 10 0
841 11 0
841 12 0
841 13 0
841 14 0
841 15 0
841 16 0
841 17 0
841 18 0
841 19 0
841 20 0
841 21 0
842 1 22268
842 2 9645
842 3 4865
842 4 10274
842 5 50876
842 6 7665
842 7 56535
842 8 3437
842 9 70886
842 10 3024
842 11 58257
842 12 14012
842 13 61039
842 14 34633
842 15 24933
842 16 35746
842 17 71392
842 18 12586
842 19 78017
842 20 62278
842 21 77583
843 1 0
843 2 0
843 3 0
843 4 0
843 5 0
843 6 0
843 7 0
843 8 0
843 9 0
843 10 0
843 11 0
843 12 0
843 13 0
843 14 0
843 15 0
843 16 0
843 17 0
843 18 0
843 19 0
843 20 0
843 21 0
844 1 0
844 2 0
844 3 0
844 4 28266
844 5 0
844 6 0
844 7 0
844 8 0
844 9 0
844 10 0
844 11 0
844 12 884
844 13 24447
844 14 0
844 15 61765
844 16 0
844 17 0
844 18 0
844 19 0
844 20 0
844 21 56713
877 1 0
877 2 0
877 3 0
877 4 0
877 5 0
877 6 0
877 7 0
877 8 0
877 9 0
877 10 0
877 11 0
877 12 0
877 13 0
877 14 0
877 15 0
877 16 0
877 17 0
877 18 0
877 19 0
877 20 0
877 21 0
878 1 8042
878 2 4626
878 3 67296
878 4 40088
878 5 3942
878 6 69759
878 7 15293
878 8 28430
878 9 54981
878 10 63476
878 11 29211
878 12 66311
878 13 59619
878 14 10488
878 15 69229
878 16 76084
878 17 46338
878 18 52282
878 19 55738
878 20 19516
878 21 46459
879 1 0
879 2 0
879 3 0
879 4 0
879 5 0
879 6 0
879 7 0
879 8 0
879 9 0
879 10 0
879 11 0
879 12 0
879 13 0
879 14 0
879 15 0
879 16 0
879 17 0
879 18 0
879 19 0
879 20 0
879 21 0
880 1 0
880 2 0
880 3 0
880 4 17239
880 5 0
880 6 0
880 7 0
880 8 0
880 9 0
880 10 0
880 11 0
880 12 7577
880 13 10485
880 14 0
880 15 33256
880 16 0
880 17 0
880 18 0
880 19 0
880 20 0
880 21 6972
913 1 0
913 2 0
913 3 0
913 4 0
913 5 0
913 6 0
913 7 0
913 8 0
913 9 0
913 10 0
913 11 0
913 12 0
913 13 0
913 14 0
913 15 0
913 16 0
913 17 0
913 18 0
913 19 0
913 20 0
913 21 0
914 1 23745
914 2 79809
914 3 11135
914 4 48029
914 5 15699
914 6 50358
914 7 31612
914 8 1534
914 9 55083
914 10 39160
914 11 36129
914 12 62095
914 13 31596
914 14 22768
914 15 32744
914 16 14953
914 17 59942
914 18 41472
914 19 70582
914 20 57504
914 21 61629
915 1 0
915 2 0
915 3 0
915 4 0
915 5 0
915 6 0
915 7 0
915 8 0
915 9 0
915 10 0
915 11 0
915 12 0
915 13 0
915 14 0
915 15 0
915 16 0
915 17 0
915 18 0
915 19 0
915 20 0
915 21 0
916 1 0
916 2 0
916 3 0
916 4 19744
916 5 0
916 6 0
916 7 0
916 8 0
916 9 0
916 10 0
916 11 0
916 12 32319
916 13 44237
916 14 0
916 15 248
916 16 0
916 17 0
916 18 0
916 19 0
916 20 0
916 21 63576
947 1 0
947 2 0
947 3 0
947 4 0
947 5 0
947 6 0
947 7 0
947 8 0
947 9 0
947 10 0
947 11 0
947 12 0
947 13 0
947 14 0
947 15 0
947 16 0
947 17 0
947 18 0
947 19 0
947 20 0
947 21 0
948 1 17381
948 2 1847
948 3 27248
948 4 23367
948 5 40123
948 6 28505
948 7 9736
948 8 43034
948 9 62402
948 10 24740
948 11 40410
948 12 2407
948 13 31442
948 14 28691
948 15 67575
948 16 29999
948 17 22142
948 18 74041
948 19 32684
948 20 63668
948 21 21911
949 1 0
949 2 0
949 3 0
949 4 0
949 5 0
949 6 0
949 7 0
949 8 0
949 9 0
949 10 0
949 11 0
949 12 0
949 13 0
949 14 0
949 15 0
949 16 0
949 17 0
949 18 0
949 19 0
949 20 0
949 21 0
950 1 70418
950 2 41820
950 3 50091
950 4 62252
950 5 69264
950 6 14443
950 7 2704
950 8 77874
950 9 68289
950 10 44722
950 11 70404
950 12 38468
950 13 8309
950 14 59318
950 15 40427
950 16 3537
950 17 65505
950 18 44616
950 19 15454
950 20 66309
950 21 446
951 1 0
951 2 0
951 3 0
951 4 0
951 5 0
951 6 0
951 7 0
951 8 0
951 9 0
951 10 0
951 11 0
951 12 0
951 13 0
951 14 0
951 15 0
951 16 0
951 17 0
951 18 0
951 19 0
951 20 0
951 21 0
952 1 0
952 2 0
952 3 0
952 4 77826
952 5 0
952 6 0
952 7 0
952 8 0
952 9 0
952 10 0
952 11 0
952 12 60577
952 13 74564
952 14 0
952 15 50326
952 16 0
952 17 0
952 18 0
952 19 0
952 20 0
952 21 5026
983 1 0
983 2 0
983 3 0
983 4 0
983 5 0
983 6 0
983 7 0
983 8 0
983 9 0
983 10 0
983 11 0
983 12 0
983 13 0
983 14 0
983 15 0
983 16 0
983 17 0
983 18 0
983 19 0
983 20 0
983 21 0
984 1 37472
984 2 73009
984 3 46462
984 4 42475
984 5 60846
984 6 34767
984 7 13540
984 8 50401
984 9 31340
984 10 62901
984 11 48988
984 12 68073
984 13 32425
984 14 73972
984 15 49295
984 16 68465
984 17 21116
984 18 38306
984 19 19968
984 20 24028
984 21 39027
985 1 0
985 2 0
985 3 0
985 4 0
985 5 0
985 6 0
985 7 0
985 8 0
985 9 0
985 10 0
985 11 0
985 12 0
985 13 0
985 14 0
985 15 0
985 16 0
985 17 0
985 18 0
985 19 0
985 20 0
985 21 0
986 1 32667
986 2 74553
986 3 29018
986 4 22745
986 5 28968
986 6 21540
986 7 24200
986 8 18428
986 9 66408
986 10 27133
986 11 65213
986 12 19292
986 13 59716
986 14 58802
986 15 21873
986 16 8217
986 17 45280
986 18 79216
986 19 14726
986 20 62419
986 21 8135
987 1 0
987 2 0
987 3 0
987 4 0
987 5 0
987 6 0
987 7 0
987 8 0
987 9 0
987 10 0
987 11 0
987 12 0
987 13 0
987 14 0
987 15 0
987 16 0
987 17 0
987 18 0
987 19 0
987 20 0
987 21 0
988 1 0
988 2 0
988 3 0
988 4 47555
988 5 0
988 6 0
988 7 0
988 8 0
988 9 0
988 10 0
988 11 0
988 12 2195
988 13 5213
988 14 0
988 15 31432
988 16 0
988 17 0
988 18 0
988 19 0
988 20 0
988 21 45320
1019 1 0
1019 2 0
1019 3 0
1019 4 0
1019 5 0
1019 6 0
1019 7 0
1019 8 0
1019 9 0
1019 10 0
1019 11 0
1019 12 0
1019 13 0
1019 14 0
1019 15 0
1019 16 0
1019 17 0
1019 18 0
1019 19 0
1019 20 0
1019 21 0
1020 1 8831
1020 2 30867
1020 3 79481
1020 4 76989
1020 5 13351
1020 6 40809
1020 7 45025
1020 8 23553
1020 9 49163
1020 10 47488
1020 11 15838
1020 12 71267
1020 13 34906
1020 14 35604
1020 15 55525
1020 16 28070
1020 17 4838
1020 18 70536
1020 19 46358
1020 20 4567
1020 21 67878
1021 1 0
1021 2 0
1021 3 0
1021 4 0
1021 5 0
1021 6 0
1021 7 0
1021 8 0
1021 9 0
1021 10 0
1021 11 0
1021 12 0
1021 13 0
1021 14 0
1021 15 0
1021 16 0
1021 17 0
1021 18 0
1021 19 0
1021 20 0
1021 21 0
1022 1 11037
1022 2 13732
1022 3 62348
1022 4 60213
1022 5 18863
1022 6 8424
1022 7 1217
1022 8 54640
1022 9 11884
1022 10 63394
1022 11 52876
1022 12 38634
1022 13 47751
1022 14 54693
1022 15 35851
1022 16 32458
1022 17 9684
1022 18 60091
1022 19 67859
1022 20 7560
1022 21 67806
1051 1 0
1051 2 0
1051 3 0
1051 4 0
1051 5 0
1051 6 0
1051 7 0
1051 8 0
1051 9 0
1051 10 0
1051 11 0
1051 12 0
1051 13 0
1051 14 0
1051 15 0
1051 16 0
1051 17 0
1051 18 0
1051 19 0
1051 20 0
1051 21 0
1052 1 44505
1052 2 58839
1052 3 49064
1052 4 71470
1052 5 78461
1052 6 79128
1052 7 66022
1052 8 57559
1052 9 72267
1052 10 9114
1052 11 69091
1052 12 26894
1052 13 68093
1052 14 44889
1052 15 56534
1052 16 21355
1052 17 67154
1052 18 38836
1052 19 9018
1052 20 26473
1052 21 40307
1053 1 0
1053 2 0
1053 3 0
1053 4 0
1053 5 0
1053 6 0
1053 7 0
1053 8 0
1053 9 0
1053 10 0
1053 11 0
1053 12 0
1053 13 0
1053 14 0
1053 15 0
1053 16 0
1053 17 0
1053 18 0
1053 19 0
1053 20 0
1053 21 0
1054 1 77410
1054 2 72485
1054 3 25020
1054 4 26457
1054 5 73785
1054 6 54119
1054 7 44611
1054 8 76296
1054 9 56660
1054 10 70824
1054 11 49151
1054 12 52421
1054 13 72703
1054 14 44211
1054 15 9769
1054 16 22223
1054 17 44049
1054 18 48287
1054 19 50931
1054 20 36320
1054 21 75163
1083 1 0
1083 2 0
1083 3 0
1083 4 0
1083 5 0
1083 6 0
1083 7 0
1083 8 0
1083 9 0
1083 10 0
1083 11 0
1083 12 0
1083 13 0
1083 14 0
1083 15 0
1083 16 0
1083 17 0
1083 18 0
1083 19 0
1083 20 0
1083 21 0
1084 1 8589
1084 2 30035
1084 3 75303
1084 4 79459
1084 5 21747
1084 6 7457
1084 7 12673
1084 8 23486
1084 9 645
1084 10 43962
1084 11 27470
1084 12 30092
1084 13 77011
1084 14 3847
1084 15 43933
1084 16 71944
1084 17 22172
1084 18 46746
1084 19 2344
1084 20 34091
1084 21 27215
