38 21 80051 2592 4 287
771 1 0
771 2 0
771 3 0
771 4 0
771 5 0
771 6 0
771 7 0
771 8 0
771 9 0
771 10 0
771 11 0
771 12 0
771 13 0
771 14 0
771 15 0
771 16 0
771 17 0
771 18 0
771 19 0
771 20 0
771 21 0
772 1 0
772 2 0
772 3 0
772 4 22738
772 5 0
772 6 0
772 7 0
772 8 0
772 9 0
772 10 0
772 11 0
772 12 53243
772 13 43338
772 14 0
772 15 75813
772 16 0
772 17 0
772 18 0
772 19 0
772 20 0
772 21 21784
807 1 0
807 2 0
807 3 0
807 4 0
807 5 0
807 6 0
807 7 0
807 8 0
807 9 0
807 10 0
807 11 0
807 12 0
807 13 0
807 14 0
807 15 0
807 16 0
807 17 0
807 18 0
807 19 0
807 20 0
807 21 0
808 1 0
808 2 0
808 3 0
808 4 31941
808 5 0
808 6 0
808 7 0
808 8 0
808 9 0
808 10 0
808 11 0
808 12 79732
808 13 74278
808 14 0
808 15 71753
808 16 0
808 17 0
808 18 0
808 19 0
808 20 0
808 21 79713
841 1 0
841 2 0
841 3 0
841 4 0
841 5 0
841 6 0
841 7 0
841 8 0
841 9 0
841 10 0
841 11 0
841 12 0
841 13 0
841 14 0
841 15 0
841 16 0
841 17 0
841 18 0
841 19 0
841 20 0
841 21 0
842 1 48862
842 2 59208
842 3 47057
842 4 67310
842 5 31397
842 6 61039
842 7 5271
842 8 33254
842 9 35145
842 10 23522
842 11 49107
842 12 16090
842 13 9637
842 14 14880
842 15 27797
842 16 55077
842 17 44691
842 18 19601
842 19 7042
842 20 64935
842 21 53982
843 1 0
843 2 0
843 3 0
843 4 0
843 5 0
843 6 0
843 7 0
843 8 0
843 9 0
843 10 0
843 11 0
843 12 0
843 13 0
843 14 0
843 15 0
843 16 0
843 17 0
843 18 0
843 19 0
843 20 0
843 21 0
844 1 0
844 2 0
844 3 0
844 4 5757
844 5 0
844 6 0
844 7 0
844 8 0
844 9 0
844 10 0
844 11 0
844 12 51964
844 13 32237
844 14 0
844 15 15692
844 16 0
844 17 0
844 18 0
844 19 0
844 20 0
844 21 32976
877 1 0
877 2 0
877 3 0
877 4 0
877 5 0
877 6 0
877 7 0
877 8 0
877 9 0
877 10 0
877 11 0
877 12 0
877 13 0
877 14 0
877 15 0
877 16 0
877 17 0
877 18 0
877 19 0
877 20 0
877 21 0
878 1 1211
878 2 62170
878 3 17030
878 4 19314
878 5 1268
878 6 76680
878 7 24720
878 8 46107
878 9 50556
878 10 60971
878 11 6825
878 12 53621
878 13 46333
878 14 66504
878 15 74340
878 16 6393
878 17 58876
878 18 10006
878 19 49291
878 20 58457
878 21 62706
879 1 0
879 2 0
879 3 0
879 4 0
879 5 0
879 6 0
879 7 0
879 8 0
879 9 0
879 10 0
879 11 0
879 12 0
879 13 0
879 14 0
879 15 0
879 16 0
879 17 0
879 18 0
879 19 0
879 20 0
879 21 0
880 1 0
880 2 0
880 3 0
880 4 2759
880 5 0
880 6 0
880 7 0
880 8 0
880 9 0
880 10 0
880 11 0
880 12 58470
880 13 44330
880 14 0
880 15 31854
880 16 0
880 17 0
880 18 0
880 19 0
880 20 0
880 21 73245
913 1 0
913 2 0
913 3 0
913 4 0
913 5 0
913 6 0
913 7 0
913 8 0
913 9 0
913 10 0
913 11 0
913 12 0
913 13 0
913 14 0
913 15 0
913 16 0
913 17 0
913 18 0
913 19 0
913 20 0
913 21 0
914 1 24242
914 2 18513
914 3 21102
914 4 63830
914 5 65706
914 6 72922
914 7 8726
914 8 11282
914 9 79322
914 10 57772
914 11 73231
914 12 13274
914 13 27846
914 14 18346
914 15 45157
914 16 28623
914 17 78632
914 18 75565
914 19 49504
914 20 2753
914 21 5202
915 1 0
915 2 0
915 3 0
915 4 0
915 5 0
915 6 0
915 7 0
915 8 0
915 9 0
915 10 0
915 11 0
915 12 0
915 13 0
915 14 0
915 15 0
915 16 0
915 17 0
915 18 0
915 19 0
915 20 0
915 21 0
916 1 0
916 2 0
916 3 0
916 4 78432
916 5 0
916 6 0
916 7 0
916 8 0
916 9 0
916 10 0
916 11 0
916 12 46930
916 13 60334
916 14 0
916 15 57645
916 16 0
916 17 0
916 18 0
916 19 0
916 20 0
916 21 28395
947 1 0
947 2 0
947 3 0
947 4 0
947 5 0
947 6 0
947 7 0
947 8 0
947 9 0
947 10 0
947 11 0
947 12 0
947 13 0
947 14 0
947 15 0
947 16 0
947 17 0
947 18 0
947 19 0
947 20 0
947 21 0
948 1 34763
948 2 27150
948 3 432
948 4 25477
948 5 7649
948 6 33171
948 7 51641
948 8 44632
948 9 65295
948 10 26762
948 11 34513
948 12 2591
948 13 9080
948 14 26252
948 15 57651
948 16 56646
948 17 46244
948 18 56020
948 19 66646
948 20 21020
948 21 8978
949 1 0
949 2 0
949 3 0
949 4 0
949 5 0
949 6 0
949 7 0
949 8 0
949 9 0
949 10 0
949 11 0
949 12 0
949 13 0
949 14 0
949 15 0
949 16 0
949 17 0
949 18 0
949 19 0
949 20 0
949 21 0
950 1 76558
950 2 52964
950 3 18899
950 4 73402
950 5 27345
950 6 73579
950 7 51782
950 8 10916
950 9 75358
950 10 58736
950 11 35378
950 12 19351
950 13 20942
950 14 62211
950 15 10503
950 16 33385
950 17 27761
950 18 72475
950 19 28570
950 20 21566
950 21 45826
951 1 0
951 2 0
951 3 0
951 4 0
951 5 0
951 6 0
951 7 0
951 8 0
951 9 0
951 10 0
951 11 0
951 12 0
951 13 0
951 14 0
951 15 0
951 16 0
951 17 0
951 18 0
951 19 0
951 20 0
951 21 0
952 1 0
952 2 0
952 3 0
952 4 70149
952 5 0
952 6 0
952 7 0
952 8 0
952 9 0
952 10 0
952 11 0
952 12 5788
952 13 103
952 14 0
952 15 28602
952 16 0
952 17 0
952 18 0
952 19 0
952 20 0
952 21 27212
983 1 0
983 2 0
983 3 0
983 4 0
983 5 0
983 6 0
983 7 0
983 8 0
983 9 0
983 10 0
983 11 0
983 12 0
983 13 0
983 14 0
983 15 0
983 16 0
983 17 0
983 18 0
983 19 0
983 20 0
983 21 0
984 1 66341
984 2 60035
984 3 61513
984 4 18305
984 5 75486
984 6 63280
984 7 32225
984 8 35167
984 9 63769
984 10 62404
984 11 66593
984 12 31612
984 13 18310
984 14 79744
984 15 48531
984 16 59104
984 17 14879
984 18 76094
984 19 11982
984 20 75327
984 21 67118
985 1 0
985 2 0
985 3 0
985 4 0
985 5 0
985 6 0
985 7 0
985 8 0
985 9 0
985 10 0
985 11 0
985 12 0
985 13 0
985 14 0
985 15 0
985 16 0
985 17 0
985 18 0
985 19 0
985 20 0
985 21 0
986 1 38382
986 2 29985
986 3 45503
986 4 64712
986 5 9715
986 6 78908
986 7 759
986 8 34631
986 9 34311
986 10 48766
986 11 30763
986 12 9497
986 13 40055
986 14 35539
986 15 16908
986 16 54221
986 17 68763
986 18 20728
986 19 18874
986 20 40742
986 21 62724
987 1 0
987 2 0
987 3 0
987 4 0
987 5 0
987 6 0
987 7 0
987 8 0
987 9 0
987 10 0
987 11 0
987 12 0
987 13 0
987 14 0
987 15 0
987 16 0
987 17 0
987 18 0
987 19 0
987 20 0
987 21 0
988 1 0
988 2 0
988 3 0
988 4 63996
988 5 0
988 6 0
988 7 0
988 8 0
988 9 0
988 10 0
988 11 0
988 12 9902
988 13 46951
988 14 0
988 15 359
988 16 0
988 17 0
988 18 0
988 19 0
988 20 0
988 21 9488
1019 1 0
1019 2 0
1019 3 0
1019 4 0
1019 5 0
1019 6 0
1019 7 0
1019 8 0
1019 9 0
1019 10 0
1019 11 0
1019 12 0
1019 13 0
1019 14 0
1019 15 0
1019 16 0
1019 17 0
1019 18 0
1019 19 0
1019 20 0
1019 21 0
1020 1 28079
1020 2 10527
1020 3 75784
1020 4 7004
1020 5 17293
1020 6 46857
1020 7 22340
1020 8 21195
1020 9 20572
1020 10 28245
1020 11 57463
1020 12 73937
1020 13 53672
1020 14 18953
1020 15 18677
1020 16 75028
1020 17 54244
1020 18 3596
1020 19 17481
1020 20 63084
1020 21 7671
1021 1 0
1021 2 0
1021 3 0
1021 4 0
1021 5 0
1021 6 0
1021 7 0
1021 8 0
1021 9 0
1021 10 0
1021 11 0
1021 12 0
1021 13 0
1021 14 0
1021 15 0
1021 16 0
1021 17 0
1021 18 0
1021 19 0
1021 20 0
1021 21 0
1022 1 39863
1022 2 50820
1022 3 20256
1022 4 75178
1022 5 76774
1022 6 14962
1022 7 39650
1022 8 65502
1022 9 30961
1022 10 44007
1022 11 25228
1022 12 64412
1022 13 51814
1022 14 6412
1022 15 51729
1022 16 36193
1022 17 24358
1022 18 74015
1022 19 2475
1022 20 4418
1022 21 79411
1051 1 0
1051 2 0
1051 3 0
1051 4 0
1051 5 0
1051 6 0
1051 7 0
1051 8 0
1051 9 0
1051 10 0
1051 11 0
1051 12 0
1051 13 0
1051 14 0
1051 15 0
1051 16 0
1051 17 0
1051 18 0
1051 19 0
1051 20 0
1051 21 0
1052 1 32279
1052 2 6823
1052 3 6217
1052 4 38299
1052 5 49979
1052 6 13192
1052 7 76785
1052 8 59050
1052 9 25760
1052 10 51896
1052 11 14394
1052 12 51232
1052 13 20816
1052 14 36151
1052 15 6840
1052 16 50384
1052 17 24588
1052 18 48952
1052 19 10755
1052 20 350
1052 21 24107
1053 1 0
1053 2 0
1053 3 0
1053 4 0
1053 5 0
1053 6 0
1053 7 0
1053 8 0
1053 9 0
1053 10 0
1053 11 0
1053 12 0
1053 13 0
1053 14 0
1053 15 0
1053 16 0
1053 17 0
1053 18 0
1053 19 0
1053 20 0
1053 21 0
1054 1 3839
1054 2 56912
1054 3 40289
1054 4 63906
1054 5 46086
1054 6 68791
1054 7 5575
1054 8 74099
1054 9 78136
1054 10 10170
1054 11 28736
1054 12 26236
1054 13 24907
1054 14 72164
1054 15 36263
1054 16 14989
1054 17 42854
1054 18 76869
1054 19 22233
1054 20 47257
1054 21 65050
1083 1 0
1083 2 0
1083 3 0
1083 4 0
1083 5 0
1083 6 0
1083 7 0
1083 8 0
1083 9 0
1083 10 0
1083 11 0
1083 12 0
1083 13 0
1083 14 0
1083 15 0
1083 16 0
1083 17 0
1083 18 0
1083 19 0
1083 20 0
1083 21 0
1084 1 58243
1084 2 61922
1084 3 54795
1084 4 11341
1084 5 35527
1084 6 12424
1084 7 63031
1084 8 36760
1084 9 32489
1084 10 71360
1084 11 50909
1084 12 19727
1084 13 46261
1084 14 77976
1084 15 33299
1084 16 11355
1084 17 16887
1084 18 10336
1084 19 16380
1084 20 58584
1084 21 79229
