dri
0
90
4303360000
271951616000
14716523347200
219908579595136
472111464147168
-10528120196359408
-37856369570655375
377124941434503374
1412165687160928705
-9287645316415130062
-28713553126200887462
173418159802959510172
360149595654169297731
-2407798690792348835950
-2550454503515770959292
24604373223562389422822
3562048613514899330726
-183016082666233568387972
126617371825293619147015
963704596273075315846226
-1530665326853280967511460
-3293184877568158107144764
9912218431994865162962388
4557123519972693255862582
-42646812365480789644881138
21498895128986282937416338
126167586293304454646496815
-172108362005209101612447718
-239808928676161546659479581
652347399303932904723513128
174136669121757543726719792
-1679449342569776469527388704
574436233669117549704799794
3197186073704374898503066010
-2580058988251282898790666703
-4687095974698880515281663094
5902276148266543555769397255
5504137865499912825901394456
-9742608240341343641907927802
-5501673996220047506102762822
12878092024720977387655463593
5094773807278434436292602570
-14397602521855096772129835389
-4657947724758362692849580844
13973726245614831033096343968
4168185058500404770916778084
-11787042603928276733160499867
-3489491132399345531021644246
8517271925986717832173538913
2673019677798207444315704622
-5181539406020006882063994878
-1877528000326654455317017940
2623750557179376544435356118
1208441153729459061749729390
-1108112207957736804398981033
-703139859096112174205392652
403933393591905386228424103
364817786025249333073620138
-141565500370630418120991770
-168840902281242826310098802
56690220050839310116502178
70948654644958170588543322
-26850473627339127600861433
-27826788902973401322426948
12819189995406710620347728
10406309135619853067348120
-5371447143400707982202041
-3700747218752338588188556
1853033092961738551281496
1212596073213204722799946
-508374121174036078857666
-349252162674283780691916
107290627909819116614731
84731416068911186395168
-16525229648697673497904
-16884356011566760336506
1565884277985307623048
2733560918506737721652
21577631892683528865
-347456832007316587464
-42638574778762032624
29887491287237756576
8197044760023166336
-952463298787295360
-676326201777861888
-69147397038209024
14041659695847424
4099008017739776
348206713737216
8502264725504
245635219456
