38 21 80039 39491 4 287
771 1 0
771 2 0
771 3 0
771 4 0
771 5 0
771 6 0
771 7 0
771 8 0
771 9 0
771 10 0
771 11 0
771 12 0
771 13 0
771 14 0
771 15 0
771 16 0
771 17 0
771 18 0
771 19 0
771 20 0
771 21 0
772 1 0
772 2 0
772 3 0
772 4 12792
772 5 0
772 6 0
772 7 0
772 8 0
772 9 0
772 10 0
772 11 0
772 12 30024
772 13 50245
772 14 0
772 15 5732
772 16 0
772 17 0
772 18 0
772 19 0
772 20 0
772 21 63402
807 1 0
807 2 0
807 3 0
807 4 0
807 5 0
807 6 0
807 7 0
807 8 0
807 9 0
807 10 0
807 11 0
807 12 0
807 13 0
807 14 0
807 15 0
807 16 0
807 17 0
807 18 0
807 19 0
807 20 0
807 21 0
808 1 0
808 2 0
808 3 0
808 4 59716
808 5 0
808 6 0
808 7 0
808 8 0
808 9 0
808 10 0
808 11 0
808 12 8012
808 13 33807
808 14 0
808 15 18399
808 16 0
808 17 0
808 18 0
808 19 0
808 20 0
808 21 74629
841 1 0
841 2 0
841 3 0
841 4 0
841 5 0
841 6 0
841 7 0
841 8 0
841 9 0
841 10 0
841 11 0
841 12 0
841 13 0
841 14 0
841 15 0
841 16 0
841 17 0
841 18 0
841 19 0
841 20 0
841 21 0
842 1 59539
842 2 3634
842 3 10638
842 4 17001
842 5 53310
842 6 76145
842 7 5048
842 8 61702
842 9 19713
842 10 16430
842 11 46261
842 12 21119
842 13 25954
842 14 26323
842 15 60169
842 16 23719
842 17 23425
842 18 74440
842 19 38954
842 20 38698
842 21 66234
843 1 0
843 2 0
843 3 0
843 4 0
843 5 0
843 6 0
843 7 0
843 8 0
843 9 0
843 10 0
843 11 0
843 12 0
843 13 0
843 14 0
843 15 0
843 16 0
843 17 0
843 18 0
843 19 0
843 20 0
843 21 0
844 1 0
844 2 0
844 3 0
844 4 10578
844 5 0
844 6 0
844 7 0
844 8 0
844 9 0
844 10 0
844 11 0
844 12 6357
844 13 21539
844 14 0
844 15 41681
844 16 0
844 17 0
844 18 0
844 19 0
844 20 0
844 21 55507
877 1 0
877 2 0
877 3 0
877 4 0
877 5 0
877 6 0
877 7 0
877 8 0
877 9 0
877 10 0
877 11 0
877 12 0
877 13 0
877 14 0
877 15 0
877 16 0
877 17 0
877 18 0
877 19 0
877 20 0
877 21 0
878 1 14320
878 2 75236
878 3 52852
878 4 29175
878 5 51780
878 6 11622
878 7 79402
878 8 26240
878 9 71891
878 10 15463
878 11 73805
878 12 30844
878 13 20942
878 14 119
878 15 48790
878 16 48712
878 17 9015
878 18 42486
878 19 72428
878 20 18805
878 21 51294
879 1 0
879 2 0
879 3 0
879 4 0
879 5 0
879 6 0
879 7 0
879 8 0
879 9 0
879 10 0
879 11 0
879 12 0
879 13 0
879 14 0
879 15 0
879 16 0
879 17 0
879 18 0
879 19 0
879 20 0
879 21 0
880 1 0
880 2 0
880 3 0
880 4 31424
880 5 0
880 6 0
880 7 0
880 8 0
880 9 0
880 10 0
880 11 0
880 12 65646
880 13 40136
880 14 0
880 15 27696
880 16 0
880 17 0
880 18 0
880 19 0
880 20 0
880 21 34114
913 1 0
913 2 0
913 3 0
913 4 0
913 5 0
913 6 0
913 7 0
913 8 0
913 9 0
913 10 0
913 11 0
913 12 0
913 13 0
913 14 0
913 15 0
913 16 0
913 17 0
913 18 0
913 19 0
913 20 0
913 21 0
914 1 23904
914 2 36071
914 3 3088
914 4 25492
914 5 34119
914 6 70196
914 7 6717
914 8 38436
914 9 5000
914 10 29568
914 11 10073
914 12 77661
914 13 76944
914 14 40084
914 15 72303
914 16 10933
914 17 1187
914 18 8231
914 19 37912
914 20 35415
914 21 45765
915 1 0
915 2 0
915 3 0
915 4 0
915 5 0
915 6 0
915 7 0
915 8 0
915 9 0
915 10 0
915 11 0
915 12 0
915 13 0
915 14 0
915 15 0
915 16 0
915 17 0
915 18 0
915 19 0
915 20 0
915 21 0
916 1 0
916 2 0
916 3 0
916 4 66583
916 5 0
916 6 0
916 7 0
916 8 0
916 9 0
916 10 0
916 11 0
916 12 33590
916 13 43454
916 14 0
916 15 36718
916 16 0
916 17 0
916 18 0
916 19 0
916 20 0
916 21 30465
947 1 0
947 2 0
947 3 0
947 4 0
947 5 0
947 6 0
947 7 0
947 8 0
947 9 0
947 10 0
947 11 0
947 12 0
947 13 0
947 14 0
947 15 0
947 16 0
947 17 0
947 18 0
947 19 0
947 20 0
947 21 0
948 1 1943
948 2 46952
948 3 54411
948 4 59487
948 5 41539
948 6 42560
948 7 67469
948 8 11917
948 9 69646
948 10 64222
948 11 33203
948 12 28539
948 13 3877
948 14 36065
948 15 2480
948 16 43784
948 17 55064
948 18 63299
948 19 678
948 20 63198
948 21 9909
949 1 0
949 2 0
949 3 0
949 4 0
949 5 0
949 6 0
949 7 0
949 8 0
949 9 0
949 10 0
949 11 0
949 12 0
949 13 0
949 14 0
949 15 0
949 16 0
949 17 0
949 18 0
949 19 0
949 20 0
949 21 0
950 1 23064
950 2 4829
950 3 74661
950 4 55262
950 5 47626
950 6 47157
950 7 71814
950 8 77587
950 9 67184
950 10 64209
950 11 69909
950 12 9980
950 13 71733
950 14 63105
950 15 16641
950 16 30880
950 17 72425
950 18 15576
950 19 60045
950 20 23804
950 21 68075
951 1 0
951 2 0
951 3 0
951 4 0
951 5 0
951 6 0
951 7 0
951 8 0
951 9 0
951 10 0
951 11 0
951 12 0
951 13 0
951 14 0
951 15 0
951 16 0
951 17 0
951 18 0
951 19 0
951 20 0
951 21 0
952 1 0
952 2 0
952 3 0
952 4 55504
952 5 0
952 6 0
952 7 0
952 8 0
952 9 0
952 10 0
952 11 0
952 12 54739
952 13 18239
952 14 0
952 15 32129
952 16 0
952 17 0
952 18 0
952 19 0
952 20 0
952 21 22518
983 1 0
983 2 0
983 3 0
983 4 0
983 5 0
983 6 0
983 7 0
983 8 0
983 9 0
983 10 0
983 11 0
983 12 0
983 13 0
983 14 0
983 15 0
983 16 0
983 17 0
983 18 0
983 19 0
983 20 0
983 21 0
984 1 51088
984 2 60099
984 3 14696
984 4 39649
984 5 17179
984 6 27049
984 7 47529
984 8 54012
984 9 69234
984 10 70448
984 11 59478
984 12 7778
984 13 26880
984 14 24473
984 15 38788
984 16 7949
984 17 46839
984 18 72583
984 19 47052
984 20 14533
984 21 36355
985 1 0
985 2 0
985 3 0
985 4 0
985 5 0
985 6 0
985 7 0
985 8 0
985 9 0
985 10 0
985 11 0
985 12 0
985 13 0
985 14 0
985 15 0
985 16 0
985 17 0
985 18 0
985 19 0
985 20 0
985 21 0
986 1 54551
986 2 71954
986 3 1529
986 4 79319
986 5 75964
986 6 60158
986 7 40572
986 8 3376
986 9 75672
986 10 49476
986 11 70745
986 12 62153
986 13 72667
986 14 17048
986 15 65704
986 16 31255
986 17 59969
986 18 39922
986 19 10685
986 20 9008
986 21 28618
987 1 0
987 2 0
987 3 0
987 4 0
987 5 0
987 6 0
987 7 0
987 8 0
987 9 0
987 10 0
987 11 0
987 12 0
987 13 0
987 14 0
987 15 0
987 16 0
987 17 0
987 18 0
987 19 0
987 20 0
987 21 0
988 1 0
988 2 0
988 3 0
988 4 5207
988 5 0
988 6 0
988 7 0
988 8 0
988 9 0
988 10 0
988 11 0
988 12 24535
988 13 43797
988 14 0
988 15 44405
988 16 0
988 17 0
988 18 0
988 19 0
988 20 0
988 21 70445
1019 1 0
1019 2 0
1019 3 0
1019 4 0
1019 5 0
1019 6 0
1019 7 0
1019 8 0
1019 9 0
1019 10 0
1019 11 0
1019 12 0
1019 13 0
1019 14 0
1019 15 0
1019 16 0
1019 17 0
1019 18 0
1019 19 0
1019 20 0
1019 21 0
1020 1 18968
1020 2 45322
1020 3 2507
1020 4 32661
1020 5 58319
1020 6 14387
1020 7 28367
1020 8 25926
1020 9 44628
1020 10 26596
1020 11 70823
1020 12 77082
1020 13 41395
1020 14 49848
1020 15 5896
1020 16 62385
1020 17 54827
1020 18 42910
1020 19 56824
1020 20 12901
1020 21 72155
1021 1 0
1021 2 0
1021 3 0
1021 4 0
1021 5 0
1021 6 0
1021 7 0
1021 8 0
1021 9 0
1021 10 0
1021 11 0
1021 12 0
1021 13 0
1021 14 0
1021 15 0
1021 16 0
1021 17 0
1021 18 0
1021 19 0
1021 20 0
1021 21 0
1022 1 64717
1022 2 51005
1022 3 27379
1022 4 53513
1022 5 26648
1022 6 67805
1022 7 20546
1022 8 64483
1022 9 64030
1022 10 52729
1022 11 61602
1022 12 17448
1022 13 72808
1022 14 54212
1022 15 21538
1022 16 37398
1022 17 79392
1022 18 43456
1022 19 17433
1022 20 60533
1022 21 10524
1051 1 0
1051 2 0
1051 3 0
1051 4 0
1051 5 0
1051 6 0
1051 7 0
1051 8 0
1051 9 0
1051 10 0
1051 11 0
1051 12 0
1051 13 0
1051 14 0
1051 15 0
1051 16 0
1051 17 0
1051 18 0
1051 19 0
1051 20 0
1051 21 0
1052 1 75293
1052 2 24163
1052 3 50041
1052 4 72827
1052 5 69301
1052 6 26846
1052 7 53135
1052 8 40052
1052 9 49183
1052 10 68734
1052 11 32188
1052 12 77153
1052 13 37230
1052 14 37777
1052 15 10144
1052 16 21153
1052 17 70335
1052 18 79882
1052 19 52786
1052 20 61357
1052 21 69558
1053 1 0
1053 2 0
1053 3 0
1053 4 0
1053 5 0
1053 6 0
1053 7 0
1053 8 0
1053 9 0
1053 10 0
1053 11 0
1053 12 0
1053 13 0
1053 14 0
1053 15 0
1053 16 0
1053 17 0
1053 18 0
1053 19 0
1053 20 0
1053 21 0
1054 1 40176
1054 2 76128
1054 3 18189
1054 4 48248
1054 5 77910
1054 6 15792
1054 7 9931
1054 8 13481
1054 9 31358
1054 10 30948
1054 11 26331
1054 12 78332
1054 13 72992
1054 14 50299
1054 15 71212
1054 16 72957
1054 17 61087
1054 18 45615
1054 19 1880
1054 20 48682
1054 21 39281
1083 1 0
1083 2 0
1083 3 0
1083 4 0
1083 5 0
1083 6 0
1083 7 0
1083 8 0
1083 9 0
1083 10 0
1083 11 0
1083 12 0
1083 13 0
1083 14 0
1083 15 0
1083 16 0
1083 17 0
1083 18 0
1083 19 0
1083 20 0
1083 21 0
1084 1 41583
1084 2 79796
1084 3 5978
1084 4 32672
1084 5 38722
1084 6 58079
1084 7 67167
1084 8 14924
1084 9 61723
1084 10 63350
1084 11 61043
1084 12 8371
1084 13 4595
1084 14 75327
1084 15 4001
1084 16 63739
1084 17 60939
1084 18 57866
1084 19 61309
1084 20 14568
1084 21 20753
