38 21 80021 20048 4 287
771 1 0
771 2 0
771 3 0
771 4 0
771 5 0
771 6 0
771 7 0
771 8 0
771 9 0
771 10 0
771 11 0
771 12 0
771 13 0
771 14 0
771 15 0
771 16 0
771 17 0
771 18 0
771 19 0
771 20 0
771 21 0
772 1 0
772 2 0
772 3 0
772 4 20414
772 5 0
772 6 0
772 7 0
772 8 0
772 9 0
772 10 0
772 11 0
772 12 57859
772 13 8256
772 14 0
772 15 61656
772 16 0
772 17 0
772 18 0
772 19 0
772 20 0
772 21 677
807 1 0
807 2 0
807 3 0
807 4 0
807 5 0
807 6 0
807 7 0
807 8 0
807 9 0
807 10 0
807 11 0
807 12 0
807 13 0
807 14 0
807 15 0
807 16 0
807 17 0
807 18 0
807 19 0
807 20 0
807 21 0
808 1 0
808 2 0
808 3 0
808 4 73644
808 5 0
808 6 0
808 7 0
808 8 0
808 9 0
808 10 0
808 11 0
808 12 77011
808 13 9361
808 14 0
808 15 31526
808 16 0
808 17 0
808 18 0
808 19 0
808 20 0
808 21 57517
841 1 0
841 2 0
841 3 0
841 4 0
841 5 0
841 6 0
841 7 0
841 8 0
841 9 0
841 10 0
841 11 0
841 12 0
841 13 0
841 14 0
841 15 0
841 16 0
841 17 0
841 18 0
841 19 0
841 20 0
841 21 0
842 1 30310
842 2 34889
842 3 3483
842 4 47726
842 5 23688
842 6 68107
842 7 54604
842 8 60254
842 9 32164
842 10 38246
842 11 69938
842 12 67665
842 13 31145
842 14 40419
842 15 42961
842 16 31330
842 17 63121
842 18 31362
842 19 21986
842 20 20406
842 21 32382
843 1 0
843 2 0
843 3 0
843 4 0
843 5 0
843 6 0
843 7 0
843 8 0
843 9 0
843 10 0
843 11 0
843 12 0
843 13 0
843 14 0
843 15 0
843 16 0
843 17 0
843 18 0
843 19 0
843 20 0
843 21 0
844 1 0
844 2 0
844 3 0
844 4 2426
844 5 0
844 6 0
844 7 0
844 8 0
844 9 0
844 10 0
844 11 0
844 12 76862
844 13 25802
844 14 0
844 15 60097
844 16 0
844 17 0
844 18 0
844 19 0
844 20 0
844 21 43270
877 1 0
877 2 0
877 3 0
877 4 0
877 5 0
877 6 0
877 7 0
877 8 0
877 9 0
877 10 0
877 11 0
877 12 0
877 13 0
877 14 0
877 15 0
877 16 0
877 17 0
877 18 0
877 19 0
877 20 0
877 21 0
878 1 69901
878 2 2238
878 3 70093
878 4 67456
878 5 48272
878 6 62931
878 7 29739
878 8 78331
878 9 2171
878 10 20997
878 11 11234
878 12 61806
878 13 46417
878 14 5751
878 15 20065
878 16 12957
878 17 66391
878 18 46317
878 19 34399
878 20 67690
878 21 231
879 1 0
879 2 0
879 3 0
879 4 0
879 5 0
879 6 0
879 7 0
879 8 0
879 9 0
879 10 0
879 11 0
879 12 0
879 13 0
879 14 0
879 15 0
879 16 0
879 17 0
879 18 0
879 19 0
879 20 0
879 21 0
880 1 0
880 2 0
880 3 0
880 4 77085
880 5 0
880 6 0
880 7 0
880 8 0
880 9 0
880 10 0
880 11 0
880 12 64581
880 13 54930
880 14 0
880 15 20814
880 16 0
880 17 0
880 18 0
880 19 0
880 20 0
880 21 18287
913 1 0
913 2 0
913 3 0
913 4 0
913 5 0
913 6 0
913 7 0
913 8 0
913 9 0
913 10 0
913 11 0
913 12 0
913 13 0
913 14 0
913 15 0
913 16 0
913 17 0
913 18 0
913 19 0
913 20 0
913 21 0
914 1 40241
914 2 66678
914 3 8418
914 4 30174
914 5 74620
914 6 16006
914 7 25966
914 8 20874
914 9 27353
914 10 27027
914 11 34354
914 12 37262
914 13 3926
914 14 15806
914 15 23654
914 16 29266
914 17 34351
914 18 41474
914 19 65475
914 20 22852
914 21 54238
915 1 0
915 2 0
915 3 0
915 4 0
915 5 0
915 6 0
915 7 0
915 8 0
915 9 0
915 10 0
915 11 0
915 12 0
915 13 0
915 14 0
915 15 0
915 16 0
915 17 0
915 18 0
915 19 0
915 20 0
915 21 0
916 1 0
916 2 0
916 3 0
916 4 9902
916 5 0
916 6 0
916 7 0
916 8 0
916 9 0
916 10 0
916 11 0
916 12 35066
916 13 16321
916 14 0
916 15 61172
916 16 0
916 17 0
916 18 0
916 19 0
916 20 0
916 21 37152
947 1 0
947 2 0
947 3 0
947 4 0
947 5 0
947 6 0
947 7 0
947 8 0
947 9 0
947 10 0
947 11 0
947 12 0
947 13 0
947 14 0
947 15 0
947 16 0
947 17 0
947 18 0
947 19 0
947 20 0
947 21 0
948 1 17429
948 2 79280
948 3 17825
948 4 70642
948 5 47258
948 6 19724
948 7 3627
948 8 55677
948 9 30408
948 10 5509
948 11 23040
948 12 39892
948 13 32954
948 14 14140
948 15 24530
948 16 77056
948 17 69502
948 18 69102
948 19 40923
948 20 26339
948 21 18887
949 1 0
949 2 0
949 3 0
949 4 0
949 5 0
949 6 0
949 7 0
949 8 0
949 9 0
949 10 0
949 11 0
949 12 0
949 13 0
949 14 0
949 15 0
949 16 0
949 17 0
949 18 0
949 19 0
949 20 0
949 21 0
950 1 52829
950 2 49851
950 3 23424
950 4 57235
950 5 2367
950 6 75851
950 7 47899
950 8 54605
950 9 62196
950 10 43893
950 11 60802
950 12 1761
950 13 57866
950 14 5711
950 15 30940
950 16 4894
950 17 67752
950 18 77135
950 19 36066
950 20 60109
950 21 51878
951 1 0
951 2 0
951 3 0
951 4 0
951 5 0
951 6 0
951 7 0
951 8 0
951 9 0
951 10 0
951 11 0
951 12 0
951 13 0
951 14 0
951 15 0
951 16 0
951 17 0
951 18 0
951 19 0
951 20 0
951 21 0
952 1 0
952 2 0
952 3 0
952 4 62083
952 5 0
952 6 0
952 7 0
952 8 0
952 9 0
952 10 0
952 11 0
952 12 3567
952 13 45719
952 14 0
952 15 48563
952 16 0
952 17 0
952 18 0
952 19 0
952 20 0
952 21 36558
983 1 0
983 2 0
983 3 0
983 4 0
983 5 0
983 6 0
983 7 0
983 8 0
983 9 0
983 10 0
983 11 0
983 12 0
983 13 0
983 14 0
983 15 0
983 16 0
983 17 0
983 18 0
983 19 0
983 20 0
983 21 0
984 1 30923
984 2 46343
984 3 29881
984 4 26460
984 5 44103
984 6 44879
984 7 18205
984 8 10762
984 9 60014
984 10 76753
984 11 36339
984 12 4123
984 13 65107
984 14 13297
984 15 56356
984 16 55210
984 17 8788
984 18 48656
984 19 32203
984 20 163
984 21 4548
985 1 0
985 2 0
985 3 0
985 4 0
985 5 0
985 6 0
985 7 0
985 8 0
985 9 0
985 10 0
985 11 0
985 12 0
985 13 0
985 14 0
985 15 0
985 16 0
985 17 0
985 18 0
985 19 0
985 20 0
985 21 0
986 1 71521
986 2 30662
986 3 10006
986 4 5436
986 5 78183
986 6 61555
986 7 43165
986 8 18823
986 9 13368
986 10 5775
986 11 14180
986 12 57470
986 13 49819
986 14 41678
986 15 58316
986 16 11041
986 17 18283
986 18 65629
986 19 75545
986 20 60966
986 21 33404
987 1 0
987 2 0
987 3 0
987 4 0
987 5 0
987 6 0
987 7 0
987 8 0
987 9 0
987 10 0
987 11 0
987 12 0
987 13 0
987 14 0
987 15 0
987 16 0
987 17 0
987 18 0
987 19 0
987 20 0
987 21 0
988 1 0
988 2 0
988 3 0
988 4 27210
988 5 0
988 6 0
988 7 0
988 8 0
988 9 0
988 10 0
988 11 0
988 12 17938
988 13 79744
988 14 0
988 15 37244
988 16 0
988 17 0
988 18 0
988 19 0
988 20 0
988 21 76635
1019 1 0
1019 2 0
1019 3 0
1019 4 0
1019 5 0
1019 6 0
1019 7 0
1019 8 0
1019 9 0
1019 10 0
1019 11 0
1019 12 0
1019 13 0
1019 14 0
1019 15 0
1019 16 0
1019 17 0
1019 18 0
1019 19 0
1019 20 0
1019 21 0
1020 1 77542
1020 2 69040
1020 3 1372
1020 4 46588
1020 5 67008
1020 6 33725
1020 7 44407
1020 8 68779
1020 9 6985
1020 10 58211
1020 11 26101
1020 12 56678
1020 13 70575
1020 14 56573
1020 15 78446
1020 16 73783
1020 17 29635
1020 18 25494
1020 19 16427
1020 20 47660
1020 21 55352
1021 1 0
1021 2 0
1021 3 0
1021 4 0
1021 5 0
1021 6 0
1021 7 0
1021 8 0
1021 9 0
1021 10 0
1021 11 0
1021 12 0
1021 13 0
1021 14 0
1021 15 0
1021 16 0
1021 17 0
1021 18 0
1021 19 0
1021 20 0
1021 21 0
1022 1 25626
1022 2 72045
1022 3 26658
1022 4 79424
1022 5 19399
1022 6 48178
1022 7 29813
1022 8 50932
1022 9 41677
1022 10 2830
1022 11 367
1022 12 52679
1022 13 78090
1022 14 20909
1022 15 51833
1022 16 39636
1022 17 26765
1022 18 58904
1022 19 14850
1022 20 63755
1022 21 46731
1051 1 0
1051 2 0
1051 3 0
1051 4 0
1051 5 0
1051 6 0
1051 7 0
1051 8 0
1051 9 0
1051 10 0
1051 11 0
1051 12 0
1051 13 0
1051 14 0
1051 15 0
1051 16 0
1051 17 0
1051 18 0
1051 19 0
1051 20 0
1051 21 0
1052 1 64713
1052 2 23583
1052 3 33492
1052 4 28838
1052 5 101
1052 6 45197
1052 7 75044
1052 8 45851
1052 9 60266
1052 10 50759
1052 11 29033
1052 12 23562
1052 13 39312
1052 14 73081
1052 15 23063
1052 16 17419
1052 17 66995
1052 18 37169
1052 19 16235
1052 20 28248
1052 21 65910
1053 1 0
1053 2 0
1053 3 0
1053 4 0
1053 5 0
1053 6 0
1053 7 0
1053 8 0
1053 9 0
1053 10 0
1053 11 0
1053 12 0
1053 13 0
1053 14 0
1053 15 0
1053 16 0
1053 17 0
1053 18 0
1053 19 0
1053 20 0
1053 21 0
1054 1 269
1054 2 22814
1054 3 77831
1054 4 40859
1054 5 79344
1054 6 32879
1054 7 1328
1054 8 36830
1054 9 27006
1054 10 11521
1054 11 1462
1054 12 28339
1054 13 76776
1054 14 10102
1054 15 9457
1054 16 64568
1054 17 66695
1054 18 35954
1054 19 44873
1054 20 33303
1054 21 21449
1083 1 0
1083 2 0
1083 3 0
1083 4 0
1083 5 0
1083 6 0
1083 7 0
1083 8 0
1083 9 0
1083 10 0
1083 11 0
1083 12 0
1083 13 0
1083 14 0
1083 15 0
1083 16 0
1083 17 0
1083 18 0
1083 19 0
1083 20 0
1083 21 0
1084 1 52610
1084 2 17907
1084 3 23959
1084 4 59335
1084 5 63591
1084 6 8568
1084 7 77239
1084 8 7893
1084 9 3744
1084 10 50136
1084 11 64172
1084 12 61505
1084 13 56839
1084 14 3761
1084 15 20282
1084 16 33700
1084 17 26314
1084 18 31787
1084 19 67916
1084 20 34833
1084 21 1841
