438
84
126
167
168
209
210
250
251
252
287
289
290
291
292
293
294
319
321
323
325
327
329
330
331
332
333
334
335
336
359
361
363
365
367
369
371
372
373
374
375
376
397
399
401
403
405
407
409
410
411
412
413
414
433
435
437
439
441
443
444
445
446
447
448
449
450
467
469
471
473
475
477
478
479
480
481
482
483
484
485
487
489
491
493
495
497
499
501
503
505
507
509
510
511
512
513
514
515
516
517
519
521
523
525
527
529
531
533
535
537
539
540
541
542
543
544
545
546
547
549
551
553
555
557
559
561
563
565
567
569
570
571
572
573
574
575
577
579
581
583
585
587
589
591
593
595
596
597
598
599
600
601
603
605
607
609
611
613
614
615
616
617
618
619
620
621
622
623
624
625
626
627
628
629
630
631
632
633
634
635
636
637
638
639
640
641
642
643
644
645
646
647
648
649
650
651
652
653
654
655
656
657
658
659
660
661
662
663
664
665
666
667
668
669
670
671
672
673
674
675
676
677
678
679
680
681
682
683
684
685
686
687
688
689
690
691
692
693
694
695
696
697
698
699
700
771
772
805
806
807
808
841
842
843
844
875
876
877
878
879
880
911
912
913
914
915
916
945
946
947
948
949
950
951
952
981
982
983
984
985
986
987
988
1015
1016
1017
1018
1019
1020
1021
1022
1047
1048
1049
1050
1051
1052
1053
1054
1070
1072
1074
1076
1077
1078
1079
1080
1081
1082
1083
1084
1090
1092
1094
1096
1098
1100
1102
1104
1105
1106
1107
1108
1109
1110
1111
1112
1114
1116
1118
1120
1122
1124
1126
1128
1130
1131
1132
1133
1134
1135
1136
1137
1138
1140
1142
1144
1146
1148
1150
1151
1152
1153
1154
1155
1156
1157
1158
1159
1160
1161
1162
1163
1164
1165
1166
1167
1168
1169
1170
1171
1172
1173
1174
1175
1176
1177
1178
1179
1180
1181
1182
1183
1184
1185
1186
1187
1188
1189
1190
1191
1192
1193
1194
1195
1196
1197
1198
1199
1200
1201
1202
1203
1204
1205
1206
1207
1208
1209
1210
1211
1212
1213
1214
1215
1216
1217
1218
1219
1220
1221
1222
1223
1224
1225
1226
1227
1228
1229
1230
1231
1232
1233
1234
1235
1236
1237
1238
